28
Wolbachia_pipientis                                   0.0000000 0.4082823 0.4113795 0.6148199 0.6702758 1.5746405 1.5718118 1.3073323 1.3398150 0.4896290 0.4896290 0.7606614 0.2340732 0.7711445 0.0507349 0.3777720 0.3777720 0.4133894 0.3848470 0.3942721 0.3642038 0.4559595 0.4559595 0.5154172 0.5154172 0.4782914 0.4308741 0.4503324 
ERR11767307                                           0.4082823 0.0000000 0.1367481 0.6133256 0.4993954 1.1897970 1.2213259 1.0771067 1.1103422 0.3550393 0.3550393 0.5506902 0.3219527 0.6072380 0.3265265 0.4332566 0.4332566 0.3953997 0.3950045 0.3859015 0.4168319 0.3925109 0.3925109 0.4061179 0.4061179 0.2222520 0.2097972 0.1948705 
Fusibacter_paucivorans                                0.4113795 0.1367481 0.0000000 0.6467668 0.5224993 1.0887710 1.1475511 1.1923118 1.2135939 0.2944752 0.2944752 0.5357047 0.3305853 0.5532143 0.3352922 0.3769502 0.3769502 0.3980326 0.4169267 0.4074849 0.4396864 0.4601578 0.4601578 0.4471995 0.4471995 0.2888389 0.2958749 0.2794019 
SRR25626983                                           0.6148199 0.6133256 0.6467668 0.0000000 0.2409709 2.4889111 2.4070942 1.6344395 1.7196471 0.5631477 0.5631477 0.6450929 0.4896220 0.7110312 0.6058794 0.4560302 0.4560302 0.4703641 0.4282541 0.4386356 0.4251847 0.5109474 0.5109474 0.5992256 0.5992256 0.6091937 0.5062349 0.4991929 
Mycoplasma_pneumoniae                                 0.6702758 0.4993954 0.5224993 0.2409709 0.0000000 1.8911754 2.2396829 1.6173356 1.7007187 0.6102481 0.6102481 0.6045146 0.5377037 0.7157258 0.6598927 0.4844199 0.4844199 0.4831233 0.4393959 0.4501729 0.4640969 0.6120139 0.6120139 0.5648378 0.5648378 0.4979663 0.4205799 0.3994834 
Sulfolobus_islandicus                                 1.5746405 1.1897970 1.0887710 2.4889111 1.8911754 0.0000000 0.1487045 0.6440711 0.6698664 1.4238229 1.4238229 1.5716596 1.6742978 1.6495531 1.4234879 1.1761873 1.1761873 1.1096251 1.2102119 1.1839693 1.2458834 1.2896518 1.2896518 1.4626124 1.4626124 1.3834605 1.4435086 1.4761795 
ERR12954019                                           1.5718118 1.2213259 1.1475511 2.4070942 2.2396829 0.1487045 0.0000000 0.7260839 0.6477843 1.4682080 1.4682080 1.3169351 1.4055711 1.5409937 1.3599051 0.9574107 0.9574107 0.9228196 1.0040346 0.9829317 1.0332861 1.0952254 1.0952254 1.1887148 1.1887148 1.2038106 1.3861740 1.3535014 
SRR24886915                                           1.3073323 1.0771067 1.1923118 1.6344395 1.6173356 0.6440711 0.7260839 0.0000000 0.0908905 1.3717292 1.3717292 1.1405196 1.2996648 1.3334824 1.1805104 1.2048131 1.2048131 1.3281203 1.3919642 1.3595416 1.3495956 1.2881082 1.2881082 1.5552084 1.5552084 1.1982011 1.2769978 1.2473986 
Methanococcus_aeolicus                                1.3398150 1.1103422 1.2135939 1.7196471 1.7007187 0.6698664 0.6477843 0.0908905 0.0000000 1.4330655 1.4330655 1.0082708 1.4124482 1.2472268 1.2270474 1.1672662 1.1672662 1.2850394 1.3456891 1.3148877 1.3053076 1.1878837 1.1878837 1.4334572 1.4334572 1.2553874 1.1826845 1.1563231 
SRR13255634                                           0.4896290 0.3550393 0.2944752 0.5631477 0.6102481 1.4238229 1.4682080 1.3717292 1.4330655 0.0000000 0.0000010 0.5088055 0.5054320 0.6019171 0.4311408 0.4235481 0.4235481 0.4407090 0.4361584 0.4464592 0.4493553 0.4046852 0.4046852 0.4982257 0.4982257 0.3739662 0.4203025 0.3951503 
Leptospira_borgpetersenii                             0.4896290 0.3550393 0.2944752 0.5631477 0.6102481 1.4238229 1.4682080 1.3717292 1.4330655 0.0000010 0.0000000 0.5088055 0.5054320 0.6019171 0.4311408 0.4235481 0.4235481 0.4407090 0.4361584 0.4464592 0.4493553 0.4046852 0.4046852 0.4982257 0.4982257 0.3739662 0.4203025 0.3951503 
Synechococcus_elongatus                               0.7606614 0.5506902 0.5357047 0.6450929 0.6045146 1.5716596 1.3169351 1.1405196 1.0082708 0.5088055 0.5088055 0.0000000 0.5553993 0.2855144 0.7164689 0.6320803 0.6320803 0.6115254 0.5923030 0.6055753 0.6234321 0.5220236 0.5220236 0.5174410 0.5174410 0.4831198 0.4494433 0.4481678 
SRR24105535                                           0.2340732 0.3219527 0.3305853 0.4896220 0.5377037 1.6742978 1.4055711 1.2996648 1.4124482 0.5054320 0.5054320 0.5553993 0.0000000 0.5737440 0.2081936 0.2762393 0.2762393 0.3033908 0.2799851 0.2877308 0.2969598 0.3872057 0.3872057 0.3957725 0.3957725 0.4477866 0.3963754 0.4206005 
SRR27732368                                           0.7711445 0.6072380 0.5532143 0.7110312 0.7157258 1.6495531 1.5409937 1.3334824 1.2472268 0.6019171 0.6019171 0.2855144 0.5737440 0.0000000 0.7355791 0.5796281 0.5796281 0.6084453 0.6155769 0.6025014 0.6478588 0.6676804 0.6676804 0.5583586 0.5583586 0.5928350 0.6136639 0.5711953 
NZ_CP046925.1                                         0.0507349 0.3265265 0.3352922 0.6058794 0.6598927 1.4234879 1.3599051 1.1805104 1.2270474 0.4311408 0.4311408 0.7164689 0.2081936 0.7355791 0.0000000 0.3158300 0.3158300 0.3496513 0.3240937 0.3325443 0.3058435 0.3945159 0.3945159 0.4477103 0.4477103 0.4093708 0.3607976 0.3599738 
Pseudomonas_aeruginosa_PAO1_NC_002516.2               0.3777720 0.4332566 0.3769502 0.4560302 0.4844199 1.1761873 0.9574107 1.2048131 1.1672662 0.4235481 0.4235481 0.6320803 0.2762393 0.5796281 0.3158300 0.0000000 0.0000010 0.0291374 0.0512035 0.0467304 0.0510227 0.2154861 0.2154861 0.1949337 0.1949337 0.3562078 0.3332246 0.3155275 
Pseudomonas_aeruginosa_UCBPP-PA14_NC_008463.1         0.3777720 0.4332566 0.3769502 0.4560302 0.4844199 1.1761873 0.9574107 1.2048131 1.1672662 0.4235481 0.4235481 0.6320803 0.2762393 0.5796281 0.3158300 0.0000010 0.0000000 0.0291374 0.0512035 0.0467304 0.0510227 0.2154861 0.2154861 0.1949337 0.1949337 0.3562078 0.3332246 0.3155275 
Pseudomonas_oleovorans_GD04132_NZ_CP104579.1          0.4133894 0.3953997 0.3980326 0.4703641 0.4831233 1.1096251 0.9228196 1.3281203 1.2850394 0.4407090 0.4407090 0.6115254 0.3033908 0.6084453 0.3496513 0.0291374 0.0291374 0.0000000 0.0202260 0.0161125 0.0286867 0.1798082 0.1798082 0.1542925 0.1542925 0.3067155 0.2858139 0.2697893 
Pseudomonas_protegens_CHA0_NZ_LS999205.1              0.3848470 0.3950045 0.4169267 0.4282541 0.4393959 1.2102119 1.0040346 1.3919642 1.3456891 0.4361584 0.4361584 0.5923030 0.2799851 0.6155769 0.3240937 0.0512035 0.0512035 0.0202260 0.0000000 0.0039603 0.0079785 0.1608547 0.1608547 0.1482494 0.1482494 0.3231391 0.2854625 0.2694497 
Pseudomonas_putida_NBRC_14164_NC_021505.1             0.3942721 0.3859015 0.4074849 0.4386356 0.4501729 1.1839693 0.9829317 1.3595416 1.3148877 0.4464592 0.4464592 0.6055753 0.2877308 0.6025014 0.3325443 0.0467304 0.0467304 0.0161125 0.0039603 0.0000000 0.0120353 0.1671237 0.1671237 0.1426159 0.1426159 0.3149558 0.2777479 0.2619524 
Pseudomonas_syringae_pv_tomato_str_DC3000_NC_004578.1 0.3642038 0.4168319 0.4396864 0.4251847 0.4640969 1.2458834 1.0332861 1.3495956 1.3053076 0.4493553 0.4493553 0.6234321 0.2969598 0.6478588 0.3058435 0.0510227 0.0510227 0.0286867 0.0079785 0.0120353 0.0000000 0.1600875 0.1600875 0.1606166 0.1606166 0.3423695 0.3033839 0.2867655 
NC_000913.3                                           0.4559595 0.3925109 0.4601578 0.5109474 0.6120139 1.2896518 1.0952254 1.2881082 1.1878837 0.4046852 0.4046852 0.5220236 0.3872057 0.6676804 0.3945159 0.2154861 0.2154861 0.1798082 0.1608547 0.1671237 0.1600875 0.0000000 0.0000010 0.0947436 0.0947436 0.2901847 0.3101933 0.3097634 
Escherichia_coli                                      0.4559595 0.3925109 0.4601578 0.5109474 0.6120139 1.2896518 1.0952254 1.2881082 1.1878837 0.4046852 0.4046852 0.5220236 0.3872057 0.6676804 0.3945159 0.2154861 0.2154861 0.1798082 0.1608547 0.1671237 0.1600875 0.0000010 0.0000000 0.0947436 0.0947436 0.2901847 0.3101933 0.3097634 
NZ_CP028827.1                                         0.5154172 0.4061179 0.4471995 0.5992256 0.5648378 1.4626124 1.1887148 1.5552084 1.4334572 0.4982257 0.4982257 0.5174410 0.3957725 0.5583586 0.4477103 0.1949337 0.1949337 0.1542925 0.1482494 0.1426159 0.1606166 0.0947436 0.0947436 0.0000000 0.0000010 0.3232898 0.3235567 0.2905307 
ERR13716760                                           0.5154172 0.4061179 0.4471995 0.5992256 0.5648378 1.4626124 1.1887148 1.5552084 1.4334572 0.4982257 0.4982257 0.5174410 0.3957725 0.5583586 0.4477103 0.1949337 0.1949337 0.1542925 0.1482494 0.1426159 0.1606166 0.0947436 0.0947436 0.0000010 0.0000000 0.3232898 0.3235567 0.2905307 
Bacillus_subtilis                                     0.4782914 0.2222520 0.2888389 0.6091937 0.4979663 1.3834605 1.2038106 1.1982011 1.2553874 0.3739662 0.3739662 0.4831198 0.4477866 0.5928350 0.4093708 0.3562078 0.3562078 0.3067155 0.3231391 0.3149558 0.3423695 0.2901847 0.2901847 0.3232898 0.3232898 0.0000000 0.0807639 0.0663829 
SRR28858832                                           0.4308741 0.2097972 0.2958749 0.5062349 0.4205799 1.4435086 1.3861740 1.2769978 1.1826845 0.4203025 0.4203025 0.4494433 0.3963754 0.6136639 0.3607976 0.3332246 0.3332246 0.2858139 0.2854625 0.2777479 0.3033839 0.3101933 0.3101933 0.3235567 0.3235567 0.0807639 0.0000000 0.0415403 
SRR30750791                                           0.4503324 0.1948705 0.2794019 0.4991929 0.3994834 1.4761795 1.3535014 1.2473986 1.1563231 0.3951503 0.3951503 0.4481678 0.4206005 0.5711953 0.3599738 0.3155275 0.3155275 0.2697893 0.2694497 0.2619524 0.2867655 0.3097634 0.3097634 0.2905307 0.2905307 0.0663829 0.0415403 0.0000000 
